17 08 2015
25 06 2015
09 09 2015
12 01 2015
22 01 2012
24 10 2011
24 03 2007
17 09 2012
13 10 2010
21 04 2010
18 05 2005
26 02 2015
29 01 2009
05 02 2014
26 09 2010
20 01 2008
12 01 2015
05 12 2013
01 08 2012
01 02 2009
09 12 2008
24 12 2015
16 02 2006
25 04 2005
07 07 2007
12 12 2011
10 12 2011
22 04 2012
09 02 2009
10 02 2015
29 12 2009
04 02 2015
04 03 2010
24 09 2006
21 07 2015
06 11 2014
17 12 2007
12 08 2013
01 05 2006
18 05 2010
13 02 2014
24 08 2013
01 09 2010
06 03 2013
06 11 2007
26 01 2010
16 11 2011
25 08 2009
04 07 2009
23 05 2013
12 08 2005
28 06 2007
14 01 2007
30 07 2008
25 12 2015
20 02 2014
25 04 2011
30 04 2007
26 01 2007
14 11 2008
08 06 2014
01 09 2007
23 06 2013
04 03 2008
26 04 2015
12 01 2015
13 03 2007
08 02 2014
03 12 2008
19 12 2012
29 10 2010
18 12 2011
28 10 2012
30 11 2011
13 06 2012
28 05 2013
27 11 2010
11 08 2005
06 01 2011
04 05 2009
21 08 2015
06 10 2009
05 01 2005
08 04 2012
07 03 2009
27 01 2010
27 11 2013
10 12 2015
02 05 2014
16 12 2013
15 05 2008
11 06 2010
05 05 2014
05 08 2005
30 09 2015
25 03 2012
21 03 2006
17 08 2009
27 07 2014
13 05 2008
18 01 2006
23 05 2005
14 07 2005
13 06 2013
13 08 2015
16 01 2015
19 05 2013
17 11 2013
07 07 2008
07 11 2008
03 04 2012
13 02 2013
26 04 2010
25 12 2007
17 08 2014
03 11 2009
05 05 2005
26 03 2011
04 12 2005
27 05 2007
31 12 2005
28 10 2014
07 05 2013
03 10 2013
05 06 2010
09 10 2005
01 08 2005
10 11 2007
19 11 2013
02 07 2005
13 01 2005
22 03 2014
11 04 2009
25 10 2007
11 12 2009
09 12 2010
08 02 2010
05 04 2013
22 08 2012
18 03 2010
16 11 2014
20 02 2006
09 09 2013
06 01 2013
21 03 2010
24 12 2011
21 04 2007
11 05 2012
11 12 2015
10 08 2009
17 02 2010
23 06 2014
21 08 2013
14 12 2015
10 06 2014
21 12 2009
28 12 2007
07 08 2013
04 12 2005
29 10 2011
04 01 2011
31 07 2014
29 04 2007
16 11 2015
06 04 2015
24 12 2015
24 04 2007
24 09 2011
07 05 2005
30 09 2008
03 06 2011
12 12 2010
06 10 2009
28 06 2015
24 08 2005
03 03 2012
05 04 2013
11 05 2012
27 09 2013
29 07 2015
28 07 2011
12 03 2010
21 07 2015
23 10 2006
03 04 2008
23 12 2006
18 10 2006
12 06 2012
04 06 2008
07 02 2013
29 08 2005
03 11 2006
10 01 2011
03 03 2009
04 11 2013
28 03 2007
01 08 2011
20 02 2014
15 09 2007
31 12 2015