622037
763033
523126
789050
582964
359128
861132
917518
162851
891647
861659
527009
892004
800657
816327
888709
164407
244127
645323
363268
679618
295659
642892
622981
247267
710493
928708
785836
487753
954764
443876
319219
775590
689057
341028
895847
787019
396581
109834
232792
783331
917104
403455
653718
275027
642013
591962
522529
952780
275475
167134
453627
422190
128514
798047
213389
572061
928177
102700
845094
630024
377834
590769
420833
165644
858730
112222
228739
832992
805357
532821
945133
398377
615378
574227
660770
991975
385244
406999
740231
561614
362116
775786
855894
700259
399678
422595
823145
345646
114156
586339
757150
482972
607668
290323
743848
784276
683827
852817
120039
664767
752169
766934
924482
295084
140414
840475
940048
939302
866819
742657
995292
701342
883647
959736
640729
496720
408806
799844
417550
983650
469413
413173
836175
129070
594885
148553
823753
715932
812864
702169
328472
691406
902358
312019
376190
701368
439498
406351
665715
377891
759257
926241
914468
559039
604960
458218
494087
376587
469599
692375
761297
665775
483640
310274
691779
443584
581807
221909
229483
754699
165516
768296
318244
195667
907248
461059
687489
106306
467649
871039
967600
646066
888755
453313
196515
853638
259544
562423
981999
900243
818763
134196
938669
341367
555775
730749
895115
607893
806255
153243
793710
145365
783644
897635
123221
637831
989907
592427
755645